loginfortest,passwordfortest

